#id	ref1	break_pos1	region1	ref2	break_pos2	region2	num_span	num_paired	genes_1	genes_2	fusion_class
283813	21	42880008	[42880007,42880072]	21	39817544	[39817478,39817547]	85	2	TMPRSS2	ERG	intra-chromosomal
134273	16	85023910	[85023909,85024083]	12	123444869	[123444777,123444869]	9	9	ZDHHC7	ABCB9	inter-chromosomal
361613	9	125622196	[125622196,125622335]	9	116299076	[116299073,116299198]	8	7	RC3H2	RGS3	intra-chromosomal
271629	2	234749255	[234749255,234749407]	2	233421126	[233421124,233421240]	7	4	HJURP	EIF4E2	intra-chromosomal
83881	11	17229395	[17229393,17229499]	11	12883797	[12883795,12883860]	6	4	PIK3C2A	TEAD1	intra-chromosomal
258783	2	234746298	[234746211,234746300]	2	99193606	[99193480,99193606]	9	2	HJURP	INPP4A	intra-chromosomal
92094	11	63886249	[63886216,63886251]	11	63918711	[63918710,63918754]	6	0	FLRT1;RP11-21A7A.3	MACROD1	readthrough-intersecting
195107	16	67700168	[67700071,67700169]	16	67144142	[67144022,67144142]	2	2	C16orf48	C16orf70	intra-chromosomal
255957	2	70475537	[70475537,70475683]	3	122552164	[122552164,122552271]	2	2	C2orf42;TIA1	DIRC2	inter-chromosomal
195108	16	67144142	[67144048,67144141]	16	67700997	[67700847,67700997]	1	2	C16orf70	C16orf86	intra-chromosomal
82196	11	6497532	[6497532,6497742]	11	64575419	[64575363,64575419]	1	2	ARFIP2	MEN1	intra-chromosomal
229896	19	11470283	[11470283,11470395]	19	2901046	[2900947,2901046]	1	2	AC024575.1	ZNF57	intra-chromosomal
290885	3	49060309	[49060306,49060391]	22	41650579	[41650351,41650579]	1	2	NDUFAF3	RANGAP1	inter-chromosomal
322500	5	60241215	[60241056,60241215]	5	66084498	[66084496,66084550]	2	1	NDUFAF2	MAST4	intra-chromosomal
290858	22	41574972	[41574919,41574972]	3	194126875	[194126760,194126875]	2	1	EP300	ATP13A3	inter-chromosomal
289936	22	38482354	[38482249,38482354]	3	49453490	[49453422,49453490]	2	1	BAIAP2L2	TCTA	inter-chromosomal
9048	19	42862459	[42862341,42862459]	1	17735034	[17735034,17735245]	2	1	MEGF8	RCC2	inter-chromosomal
92587	11	64073091	[64073091,64073208]	14	103988842	[103988724,103988843]	2	1	ESRRA	CKB	inter-chromosomal
297879	3	51430341	[51430341,51430550]	7	127292226	[127292226,127292312]	2	1	RBM15B	SND1	inter-chromosomal
